204 185 32 32 32 32 32 32 32 32 32 32 32 32 32 32 32 32 32 32 32 32 32 32 32 32 32 32 32 32 32 32 32 32 32 32 32 32 32 32 32 32 32 32 32 32 32 32 32 32 32 32 32 32 32 32 32 32 32 32 32 32 32 32 32 32 32 32 32 32 32 32 32 79 32 32 32 32 204 185 
204 185 32 32 32 32 32 32 32 32 32 32 32 32 32 32 32 32 32 32 32 32 32 32 32 32 32 32 32 32 32 32 32 32 32 32 32 32 32 32 32 32 32 32 32 32 32 32 32 32 32 32 32 32 32 32 32 32 32 32 32 32 32 32 32 32 32 32 32 32 32 32 79 79 79 32 32 32 204 185 
204 185 32 32 32 32 32 32 32 32 32 32 32 32 32 32 32 32 32 32 32 32 32 32 32 32 32 32 32 32 32 32 32 32 32 32 32 32 32 32 32 32 32 32 32 32 32 32 32 32 32 32 32 32 32 32 32 32 32 32 32 32 32 32 32 32 32 32 32 32 32 79 79 79 79 79 32 32 204 185 
204 185 32 32 32 32 32 32 32 32 32 32 32 32 32 32 32 32 32 32 32 32 32 32 32 32 32 32 32 32 32 32 32 32 32 32 32 32 32 32 32 32 32 32 32 32 32 32 32 32 32 32 32 32 32 32 32 32 32 32 32 32 32 32 32 32 32 32 32 32 79 79 79 79 79 79 79 32 204 185 
204 185 32 32 32 32 32 32 32 32 32 32 32 32 32 32 32 32 32 204 185 32 79 32 32 79 32 32 32 32 32 32 32 32 32 32 32 32 32 32 32 32 32 32 32 32 32 32 32 32 32 32 32 32 32 32 32 32 32 32 32 32 32 32 32 32 32 32 32 201 203 203 203 203 203 203 203 203 204 185 
204 185 32 32 32 32 32 32 32 32 32 32 32 32 32 32 32 32 32 204 185 203 203 203 203 203 203 187 32 32 32 32 32 32 32 32 32 32 32 32 32 32 32 32 32 32 32 32 32 32 32 32 32 32 32 32 32 32 32 32 32 32 32 32 32 32 32 32 32 200 202 202 202 202 202 202 202 202 204 185 
204 185 32 32 32 32 32 32 32 32 32 32 32 32 32 32 32 32 32 204 185 202 202 202 202 202 202 188 32 32 32 32 32 32 32 32 32 32 32 32 32 32 32 32 32 32 32 32 32 32 32 32 32 32 32 32 32 32 32 32 32 32 32 32 32 32 32 32 32 32 32 32 32 32 32 32 32 32 204 185 
204 185 32 32 32 32 32 32 32 32 32 32 32 79 32 32 32 32 32 204 185 32 32 32 32 32 32 32 32 32 32 32 32 32 32 32 32 32 32 32 32 32 32 32 32 32 32 32 32 32 32 32 32 32 32 32 32 32 32 32 32 32 32 32 32 32 32 32 32 32 32 32 32 32 32 32 32 32 204 185 
204 185 32 32 32 32 32 32 32 32 32 32 201 203 203 203 203 203 203 204 185 32 32 32 32 32 32 32 32 32 32 32 32 32 32 32 32 32 32 32 32 32 32 32 32 32 32 32 32 32 32 32 32 32 32 32 32 32 32 32 79 32 32 32 32 32 32 32 32 32 32 32 32 32 32 32 32 32 204 185 
204 185 32 32 32 32 32 32 32 32 32 32 200 202 202 202 202 202 202 204 185 32 32 32 32 32 32 32 32 32 32 32 32 79 32 79 32 79 32 32 32 32 32 32 32 32 32 32 32 32 32 32 32 32 32 32 201 203 203 203 203 203 203 203 187 32 32 32 32 32 32 32 32 32 32 32 32 32 204 185 
204 185 32 32 32 32 32 32 32 32 32 32 32 32 32 32 32 32 32 204 185 32 32 32 32 32 32 32 32 32 32 201 203 203 203 203 203 203 203 203 187 32 32 32 32 32 32 32 32 32 32 32 32 32 32 32 200 202 202 202 202 202 202 202 188 32 32 32 32 32 32 32 32 32 32 32 32 32 204 185 
204 185 32 32 32 32 32 32 32 32 32 32 32 32 32 32 32 32 32 204 185 32 32 32 32 32 32 32 32 32 32 200 202 202 202 202 202 202 202 202 188 32 32 32 32 32 32 32 32 32 32 32 32 32 32 32 32 32 32 32 32 32 32 32 32 32 32 32 32 32 32 32 32 32 32 32 32 32 204 185 
204 185 32 32 32 79 32 32 32 32 32 32 32 32 32 32 32 32 32 204 185 32 32 32 32 32 32 32 32 32 32 32 32 32 32 32 32 32 32 32 32 32 32 32 32 32 32 32 32 32 32 32 32 32 32 32 32 32 32 32 32 32 32 32 32 32 32 32 32 32 32 32 32 32 32 32 32 32 204 185 
204 185 203 203 203 203 203 203 187 32 32 32 32 32 32 32 32 32 32 204 185 32 32 32 32 32 32 32 32 32 32 32 32 32 32 32 32 32 32 32 32 32 32 32 32 79 32 79 32 79 32 32 32 32 32 32 32 32 32 32 32 32 32 32 32 32 32 32 32 32 32 32 32 32 32 32 32 32 204 185 
204 185 202 202 202 202 202 202 188 32 32 32 32 32 32 32 32 32 32 204 185 32 32 32 32 32 32 32 32 32 32 32 32 32 32 32 32 32 32 32 32 32 32 201 203 203 203 203 203 203 203 203 187 32 32 32 32 32 32 32 32 32 32 32 32 32 32 32 32 32 32 32 32 32 32 32 32 32 204 185 
204 185 32 32 32 32 32 32 32 32 32 32 32 32 32 32 32 32 32 204 185 32 32 32 32 32 32 32 32 32 32 32 32 32 32 32 32 32 32 32 32 32 32 200 202 202 202 202 202 202 202 202 188 32 32 32 32 32 32 32 32 32 32 32 32 32 32 32 32 32 32 32 32 32 32 32 32 32 204 185 
204 185 32 32 32 32 32 32 32 32 32 32 32 32 32 32 32 32 32 204 185 32 32 79 32 79 32 79 32 79 32 32 32 32 32 32 32 32 32 32 32 32 32 32 32 32 32 32 32 32 32 32 32 32 32 32 32 79 32 79 32 79 32 32 32 32 32 32 32 32 32 32 32 32 32 32 32 32 204 185 
204 185 32 32 32 32 32 32 32 32 32 32 32 32 32 79 32 32 32 204 185 203 203 203 203 203 203 203 203 203 203 203 187 32 32 32 32 32 32 32 32 32 32 32 32 32 32 32 32 32 32 32 32 32 32 32 201 203 203 203 203 203 203 203 187 32 32 32 32 32 32 32 32 32 32 32 32 32 204 185 
204 185 32 32 32 32 32 32 32 32 32 32 201 203 203 203 203 203 203 204 185 202 202 202 202 202 202 202 202 202 202 202 188 32 32 32 32 32 32 32 32 32 32 32 32 32 32 32 32 32 32 32 32 32 32 32 200 202 202 202 202 202 202 202 188 32 32 32 32 32 32 32 32 32 32 32 32 32 204 185 
204 185 32 32 32 32 32 32 32 32 32 32 200 202 202 202 202 202 202 204 185 32 32 32 32 32 32 32 32 32 32 32 32 32 32 32 32 32 32 32 32 32 32 32 32 32 32 32 32 32 32 32 32 32 32 32 32 32 32 32 32 32 32 32 32 32 32 32 32 32 32 32 32 32 32 32 32 32 204 185 
204 185 32 32 32 32 32 32 32 32 32 32 32 32 32 32 32 32 32 204 185 32 32 32 32 32 32 32 32 32 32 32 32 32 32 32 32 32 32 32 32 32 32 32 32 32 32 32 32 32 32 32 32 32 32 32 32 32 32 32 32 32 32 32 32 32 32 32 32 32 32 32 32 32 32 32 32 32 204 185 
204 185 32 32 32 32 32 32 32 32 32 32 32 32 32 32 32 32 32 204 185 32 32 32 32 32 32 32 32 32 32 32 32 32 32 32 32 32 32 32 32 32 32 32 32 32 32 32 32 32 32 32 32 32 32 32 32 32 32 32 32 32 32 32 32 32 32 32 32 32 32 32 32 32 32 32 32 32 204 185 
204 185 32 32 32 32 32 32 32 32 32 32 32 32 32 32 32 32 32 204 185 32 32 32 32 32 32 32 32 32 32 32 32 32 32 32 32 32 32 32 32 32 32 32 32 32 32 32 32 32 32 32 32 32 32 32 32 32 32 32 32 32 32 32 32 32 32 32 32 32 32 32 32 32 32 32 32 32 204 185 
204 185 203 203 203 203 203 203 203 203 203 203 203 203 203 203 203 203 203 203 203 203 203 203 203 203 203 203 203 203 203 203 203 203 203 203 203 203 203 203 203 203 203 203 203 203 203 203 203 203 203 203 203 203 203 203 203 203 203 203 203 203 203 203 203 203 203 203 203 203 203 203 203 203 203 203 203 203 204 185 
204 185 202 202 202 202 202 202 202 202 202 202 202 202 202 202 202 202 202 202 202 202 202 202 202 202 202 202 202 202 202 202 202 202 202 202 202 202 202 202 202 202 202 202 202 202 202 202 202 202 202 202 202 202 202 202 202 202 202 202 202 202 202 202 202 202 202 202 202 202 202 202 202 202 202 202 202 202 204 185 




